{
  "advancedEditorSelectedIdentifier" : "ProjectBrowser",
  "openSceneRelativePaths" : [
    "Scene.usda",
    "ClamScene.usda",
    "FishScene.usda",
    "SlugScene.usda",
    "StarfishScene.usda"
  ],
  "recentIdentifiers" : {
    "9F43EB5D-0285-42AA-ACAA-AE02373F9D4D" : [

    ],
    "ED549D84-FBD2-4F1D-8213-9C48FADD019F" : [

    ]
  },
  "sceneCameraHistory" : {
    "26DBAE76-5DD8-47B6-A085-1B4ADA111097" : [
      {
        "date" : 750918703.897173,
        "title" : "Untitled",
        "transform" : [
          1,
          0,
          0,
          0,
          0,
          0.7071069,
          -0.70710677,
          0,
          0,
          0.70710677,
          0.7071069,
          0,
          0,
          0.4805072,
          0.48050722,
          1
        ]
      },
      {
        "date" : 750868030.282784,
        "title" : "Untitled",
        "transform" : [
          1,
          0,
          0,
          0,
          0,
          0.7071069,
          -0.70710677,
          0,
          0,
          0.70710677,
          0.7071069,
          0,
          0,
          0.3729782,
          0.37297824,
          1
        ]
      }
    ],
    "6F959C98-1CB7-4340-B38F-8550AB42D29B" : [
      {
        "date" : 750918931.883081,
        "title" : "Untitled",
        "transform" : [
          0.9283209,
          -9.389873e-09,
          0.37178007,
          0,
          0.14408253,
          0.92184967,
          -0.35976857,
          0,
          -0.34272534,
          0.3875476,
          0.85577226,
          0,
          -0.9346521,
          0.70591754,
          2.656784,
          1
        ]
      },
      {
        "date" : 750918898.541149,
        "title" : "Untitled",
        "transform" : [
          0.9964969,
          2.3908249e-09,
          -0.08362972,
          0,
          -0.06264587,
          0.66247237,
          -0.7464622,
          0,
          0.055402406,
          0.7490863,
          0.6601517,
          0,
          0.30607668,
          1.8566923,
          2.2112002,
          1
        ]
      },
      {
        "date" : 750918894.052889,
        "title" : "Untitled",
        "transform" : [
          0.92454475,
          1.7201982e-09,
          0.3810735,
          0,
          0.25557357,
          0.74175835,
          -0.620062,
          0,
          -0.28266445,
          0.67066735,
          0.6857888,
          0,
          -0.8811937,
          1.7332397,
          2.479923,
          1
        ]
      }
    ],
    "9F43EB5D-0285-42AA-ACAA-AE02373F9D4D" : [
      {
        "date" : 750918928.985522,
        "title" : "Untitled",
        "transform" : [
          -0.83829254,
          -2.5005207e-09,
          0.5452206,
          0,
          0.5448885,
          0.034899633,
          0.83778197,
          0,
          -0.019027961,
          0.99939084,
          -0.029255997,
          0,
          -0.103558734,
          5.4390955,
          -0.15922305,
          1
        ]
      },
      {
        "date" : 750918911.647138,
        "title" : "Untitled",
        "transform" : [
          0.44276068,
          4.850014e-09,
          0.89663976,
          0,
          0.8348804,
          0.3647098,
          -0.41226393,
          0,
          -0.32701322,
          0.9311213,
          0.16147915,
          0,
          -0.8457544,
          2.408159,
          0.41763356,
          1
        ]
      },
      {
        "date" : 750918878.56486,
        "title" : "Untitled",
        "transform" : [
          0.95414114,
          -1.2243234e-08,
          0.29935706,
          0,
          0.07556054,
          0.96762055,
          -0.24083418,
          0,
          -0.28966403,
          0.25240946,
          0.92324656,
          0,
          -0.74915814,
          0.65280646,
          2.3877926,
          1
        ]
      }
    ],
    "B1B22EAD-CFEA-4286-84F8-8A1FE08751C4" : [
      {
        "date" : 750918900.725597,
        "title" : "Untitled",
        "transform" : [
          -0.44832557,
          -2.2189122e-09,
          -0.8938703,
          0,
          -0.046075214,
          0.99867064,
          0.023109324,
          0,
          0.89268214,
          0.051545832,
          -0.44772965,
          0,
          2.3087442,
          0.13331299,
          -1.1579633,
          1
        ]
      }
    ],
    "ED549D84-FBD2-4F1D-8213-9C48FADD019F" : [
      {
        "date" : 750919043.599033,
        "title" : "Untitled",
        "transform" : [
          0.118193224,
          -3.254485e-09,
          0.9929906,
          0,
          0.43200567,
          0.90040386,
          -0.05142066,
          0,
          -0.89409244,
          0.4350552,
          0.10642168,
          0,
          -0.8985665,
          0.43723327,
          0.10695267,
          1
        ]
      },
      {
        "date" : 750918967.066575,
        "title" : "Untitled",
        "transform" : [
          0.11819321,
          -3.2544845e-09,
          0.9929905,
          0,
          0.4320056,
          0.90040374,
          -0.05142065,
          0,
          -0.89409244,
          0.4350552,
          0.10642168,
          0,
          -0.05352546,
          0.026044892,
          0.006370983,
          1
        ]
      },
      {
        "date" : 750918963.134742,
        "title" : "Untitled",
        "transform" : [
          0.6271767,
          -2.1334152e-09,
          0.77887696,
          0,
          0.5653459,
          0.68785554,
          -0.45523477,
          0,
          -0.5357548,
          0.7258476,
          0.43140703,
          0,
          -0.020798337,
          0.028177861,
          0.016747475,
          1
        ]
      },
      {
        "date" : 750918916.988714,
        "title" : "Untitled",
        "transform" : [
          -0.40749407,
          -1.8134147e-08,
          0.91320777,
          0,
          0.91265154,
          0.03489955,
          0.4072458,
          0,
          -0.031870574,
          0.9993909,
          -0.014221342,
          0,
          -0.027230687,
          0.85390866,
          -0.012151287,
          1
        ]
      },
      {
        "date" : 750918889.797999,
        "title" : "Untitled",
        "transform" : [
          -0.39778483,
          -1.680553e-08,
          0.91747874,
          0,
          0.36287314,
          0.91846114,
          0.15732832,
          0,
          -0.84266865,
          0.3955112,
          -0.36534995,
          0,
          -0.05048475,
          0.02369572,
          -0.02188869,
          1
        ]
      }
    ]
  },
  "sceneViewportBackgroundColors" : {

  },
  "selectedSceneRelativePath" : "ClamScene.usda"
}